100
42
11
1
2018
6148780807352075
9671092881910570
1969814900269551
5311517124883521
2777386821636842
8764768558127187
6879564695230816
8960387750811578
4729262538432549
9
5589231369871573
4534835867346385
7751312317397305
3301044221530384
8051160241391998
8
8569173825383496
9227929015880779
5410395059007800
6793120407262751
7161744386134294
1662752644397094
1088160915303644
6214195061097836
7832692071702150
5855260847630272
6090827063515414
6112538153754006
2974674811800122
1312127217824178
3359037283150033
6970156099545675
6609540325119962
9473326855870412
8888888888888889
2175680736672559
5040728687023377
4571781188022636
511595521315607
10
5113419599035755
1159696523174844
5639857490730572
7
8225430677320027
10000000000000000
289059388615288
4
8207636871364717
4091447557506373
6449322389544611
161306056432483
5705819911158244
7121672814541592
5
933262932973322
6543677117940275
6586507521463092
1759156049407338
9171517997735704
9230124734866240
3614308596409153
9001919497252719
8397393404552854
8108137880202055
1555555555555555
6
7820849997430305
3087725635177771
1701333729114715
1238346060440380
95
3226384983029479
8384241046295847
4356779681053632
7726346513492678
4364900815521079
7417206926054691
1573763490527608
2
3820937647866109
6385715683199750
3344347704366259
3
1765167102923349
878714925499683
7188545412771589
9439489871466661
6463240952045949
9999999999999999
5041075298095972
5861041593053269
5242068593003577
3448204171301031
4434706488681738
3577042665405312
