123
2482534788127977
8166860906328006
3867662296946835
2834907944189311
944158973830313
9559893362084792
9106928656187085
4070887798083518
2252732850609536
3614873925316246
1305791193670124
7163039423845203
4655314207363371
2414625324701870
6072550529312567
8041672146663593
1757544993352597
6498322873895342
3482851361208281
1540659984485029
7097942034553645
9332366774958633
7487637216627510
6169286156025574
295648823402862
4970890760236790
5421252774711736
5877668355808029
5432055006180989
2305532154386376
1423625119559267
4757172367617921
7531275481173698
4134882017558778
4151654624145549
955348267641706
8431650449971778
2129167436055907
1460525383502649
4577507360436217
2060694867653266
2441498069641853
5669679358911079
3385364199281556
477435801367038
8145713556311733
4700579304248394
9535589004524978
6235201982594126
6916509547719324
2518987341087064
3407063686957272
616443124545937
7201343803392479
3015491567928537
4560308286522245
9953240062634926
9301969468005089
3839010154942324
2739876542279971
8378717320099774
7117462624093826
6570734157601838
1188581359864019
4199006761422624
9825455247660357
6830330456089342
9512479019117806
2109244507917971
6867155710684810
2888708569077382
5573150543557289
9595560201906278
7163987957348098
3227733804274894
2950124117821950
8590715617261103
8075765483974088
8985364018023402
703064124793276
4713793804904802
2898460865425236
7824758395641125
1397347426291783
9579738794712134
57702856880605
7454594996937677
4546717608188228
475924562202795
2441244154892749
6262525904820632
3778888615068107
6933702036299764
4422956090664020
2948452107063506
5312052428719802
7395096317474129
8882903515111712
3323292633939683
7659058772666510
1931915953164574
7118491468786517
8709466509898716
5844637320563618
2127125562557327
7334585801635240
3898637516385494
6764629922878091
9400942173006839
1826015158380916
2190992039305148
9353702181228762
5522341207510947
1855394655765579
1171380499290016
9921991872227764
2360006172465695
5756435009269326
8508750221773523
8182130744252296
5740044400772598
4518692810900162
5113059208258925
